643	95	2	2	1	1	2	2	4	2	2	1	1	1	2	2	2	1
920	277	3	1	4	3	3	1	7	3	3	1	2	1	3	1	5	3
1406	486	4	1	5	1	20	17	11	4	4	1	6	4	8	5	7	2
2075	669	5	1	8	3	62	42	15	4	11	7	13	7	9	1	8	1
2877	802	6	1	10	2	155	93	20	5	12	1	15	2	13	4	11	3
5509	2632	11	5	12	2	229	74	22	2	15	3	32	17	15	2	12	1
6087	578	12	1	13	1	322	93	25	3	16	1	45	13	20	5	13	1
8141	2054	14	2	14	1	453	131	26	1	19	3	84	39	23	3	15	2
9802	1661	18	4	16	2	655	202	28	2	23	4	120	36	36	13	51	36
11891	2089	38	20	17	1	888	233	29	1	24	1	165	45	40	4	57	6
16630	4739	57	19	27	10	1128	240	43	14	25	1	222	57	51	11	58	1
19716	3086	100	43	46	19	1694	566	59	16	27	2	259	37	85	34	60	2
23707	3991	130	30	48	2	2036	342	66	7	28	1	400	141	115	30	68	8
27440	3733	191	61	79	31	2502	466	74	8	29	1	500	100	163	48	74	6
30587	3147	204	13	130	51	3089	587	84	10	30	1	673	173	206	43	98	24
34110	3523	285	81	159	29	3858	769	94	10	31	1	1073	400	273	67	118	20
36814	2704	377	92	196	37	4636	778	105	11	104	73	1695	622	321	48	149	31
39829	3015	653	276	262	66	5883	1247	122	17	204	100	2277	582	382	61	217	68
42354	2525	949	296	482	220	7375	1492	147	25	433	229	5232	2955	456	74	262	45
44386	2032	1126	177	670	188	9172	1797	159	12	602	169	6391	1159	798	342	402	140
44759	373	1209	83	799	129	10149	977	170	11	833	231	7798	1407	1140	342	518	116
59895	15136	1784	575	1040	241	12462	2313	189	19	977	144	9942	2144	1543	403	583	65
66358	6463	2281	497	1176	136	17660	5198	214	25	1261	284	11748	1806	1950	407	959	376
68413	2055	3661	1380	1457	281	21157	3497	228	14	1766	505	13910	2162	2626	676	1281	322
70513	2100	4469	808	1908	451	24747	3590	241	13	2337	571	17963	4053	2689	63	1663	382
72434	1921	4499	30	2078	170	27980	3233	256	15	3150	813	20410	2447	3983	1294	2179	516
74211	1777	6633	2134	3675	1597	31506	3526	274	18	3736	586	25374	4964	5018	1035	2727	548
74619	408	7652	1019	4585	910	35713	4207	293	19	4335	599	28768	3394	5683	665	3499	772
75077	458	9043	1391	5795	1210	41035	5322	331	38	5186	851	35136	6368	6650	967	4632	1133
75550	473	10871	1828	7272	1477	47021	5986	360	29	5621	435	39885	4749	8077	1427	6421	1789
77001	1451	12612	1741	9257	1985	53578	6557	420	60	6088	467	49515	9630	9529	1452	7783	1362
77022	21	14282	1670	12327	3070	59138	5560	461	41	6593	505	57786	8271	11658	2129	13677	5894
77241	219	16018	1736	15320	2993	63927	4789	502	41	7041	448	65719	7933	14543	2885	19100	5423
77754	513	19856	3838	19848	4528	69176	5249	511	9	7314	273	73235	7516	17089	2546	25489	6389
78166	412	22304	2448	22213	2365	74386	5210	581	70	7478	164	80110	6875	19522	2433	33276	7787
78600	434	25233	2929	24873	2660	80589	6203	639	58	7513	35	87956	7846	22141	2619	43847	10571
78928	328	29155	3922	29056	4183	86498	5909	701	62	7755	242	95923	7967	25150	3009	53740	9893
79356	428	32964	3809	32986	3930	92472	5974	773	72	7869	114	104118	8195	29474	4324	65778	12038
79932	576	37575	4611	37323	4337	97689	5217	839	66	7979	110	112065	7947	33718	4244	83836	18058
80136	204	40174	2599	43938	6615	101739	4050	878	39	8086	107	119199	7134	38168	4450	101657	17821
80261	125	44550	4376	50871	6933	105792	4053	889	11	8162	76	119199	7134	38168	4450	121478	19821
80386	125	52128	7578	57695	6824	110574	4782	924	35	8236	74	119199	7134	38168	4450	140886	19408
80537	151	56989	4861	62095	4400	115242	4668	963	39	8320	84	119199	7134	38168	4450	161807	20921
80690	153	59105	2116	66885	4790	119827	4585	1007	44	8413	93	119199	7134	38168	4450	188172	26365
80770	80	64338	5233	71808	4923	119827	4585	1101	94	8565	152	119199	7134	38168	4450	213372	25200
80823	53	64338	5233	77872	6064	119827	4585	1128	27	8652	87	119199	7134	38168	4450	243453	30081
80860	37	64338	5233	84794	6922	119827	4585	1193	65	8799	147	119199	7134	38168	4450	275586	32133
80887	27	64338	5233	91159	6365	119827	4585	1307	114	8961	162	119199	7134	38168	4450	275586	32133
80921	34	64338	5233	91159	6365	119827	4585	1387	80	9037	76	119199	7134	38168	4450	275586	32133
80932	11	64338	5233	91159	6365	119827	4585	1468	81	9137	100	119199	7134	38168	4450	275586	32133
80945	13	64338	5233	91159	6365	119827	4585	1693	225	9241	104	119199	7134	38168	4450	275586	32133
80977	32	64338	5233	91159	6365	119827	4585	1866	173	9332	91	119199	7134	38168	4450	275586	32133
81003	26	64338	5233	91159	6365	119827	4585	1953	87	9478	146	119199	7134	38168	4450	275586	32133
81033	30	64338	5233	91159	6365	119827	4585	2178	225	9583	105	119199	7134	38168	4450	275586	32133
81058	25	64338	5233	91159	6365	119827	4585	2495	317	9661	78	119199	7134	38168	4450	275586	32133
81102	44	64338	5233	91159	6365	119827	4585	2617	122	9786	125	119199	7134	38168	4450	275586	32133
81156	54	64338	5233	91159	6365	119827	4585	2617	122	9887	101	119199	7134	38168	4450	275586	32133
81250	94	64338	5233	91159	6365	119827	4585	2617	122	9976	89	119199	7134	38168	4450	275586	32133
81305	55	64338	5233	91159	6365	119827	4585	2617	122	10062	86	119199	7134	38168	4450	275586	32133
81435	130	64338	5233	91159	6365	119827	4585	2617	122	10062	86	119199	7134	38168	4450	275586	32133
81498	63	64338	5233	91159	6365	119827	4585	2617	122	10062	86	119199	7134	38168	4450	275586	32133
81591	93	64338	5233	91159	6365	119827	4585	2617	122	10062	86	119199	7134	38168	4450	275586	32133
81661	70	64338	5233	91159	6365	119827	4585	2617	122	10062	86	119199	7134	38168	4450	275586	32133
81782	121	64338	5233	91159	6365	119827	4585	2617	122	10062	86	119199	7134	38168	4450	275586	32133
81897	115	64338	5233	91159	6365	119827	4585	2617	122	10062	86	119199	7134	38168	4450	275586	32133
81999	102	64338	5233	91159	6365	119827	4585	2617	122	10062	86	119199	7134	38168	4450	275586	32133
82122	123	64338	5233	91159	6365	119827	4585	2617	122	10062	86	119199	7134	38168	4450	275586	32133
82198	76	64338	5233	91159	6365	119827	4585	2617	122	10062	86	119199	7134	38168	4450	275586	32133
82279	81	64338	5233	91159	6365	119827	4585	2617	122	10062	86	119199	7134	38168	4450	275586	32133
82361	82	64338	5233	91159	6365	119827	4585	2617	122	10062	86	119199	7134	38168	4450	275586	32133
82432	71	64338	5233	91159	6365	119827	4585	2617	122	10062	86	119199	7134	38168	4450	275586	32133
82511	79	64338	5233	91159	6365	119827	4585	2617	122	10062	86	119199	7134	38168	4450	275586	32133
